b/R
0.0002152095924246311, 0.11844346207079015
0.1253625491872382, 0.14357046534631968
0.3122908370073625, 0.1633247315309695
0.5002201455922508, 0.16886647725590004
0.6880546829804749, 0.16628633142672117
0.8780334186932235, 0.14746398200926786
0.939735390921314, 0.13532300195663033
0.9721471401804205, 0.11300991346205108
1.000339596788046, 0.029103444735558814 

t/c
0.0006772191761618696, 0.35803768339707354
0.12482748680607239, 0.1977156192804102
0.3128811825865824, 0.11391734767010941
0.5015508911454086, 0.08291137116151975
0.6892037837400266, 0.06476426652029782
0.8770067307293627, 0.05947682350641581
0.9400098325116537, 0.05884264624873886
0.9726506121626981, 0.05615746234325736
1.0017986783366863, 0.05414673345403498
 

beta (/100 degrees)
0.0007167071747719023, 0.3614218048779525
0.12467940681128484, 0.28502516372711423
0.31290684978567884, 0.21611702663268068
0.501387015951177, 0.16886726701587224
0.6888661613519109, 0.13583002785878306
0.8776227435076791, 0.11226911860812705
0.9405468692927501, 0.10486669838869223
0.9731797513440723, 0.10150469018703495
1.0034788926775426, 0.09814110246543323