NACA 6410 Airfoil
  1.000222  0.001026
  0.998718  0.001536
  0.994215  0.003055
  0.986734  0.005553
  0.976315  0.008982
  0.963013  0.013275
  0.946898  0.018350
  0.928055  0.024111
  0.906587  0.030451
  0.882611  0.037253
  0.856262  0.044394
  0.827687  0.051747
  0.797050  0.059184
  0.764529  0.066577
  0.730314  0.073801
  0.694609  0.080733
  0.657629  0.087259
  0.619599  0.093271
  0.580753  0.098670
  0.541334  0.103366
  0.501592  0.107283
  0.461780  0.110356
  0.422157  0.112536
  0.382614  0.113723
  0.343295  0.113390
  0.304958  0.111473
  0.267886  0.108058
  0.232354  0.103263
  0.198623  0.097236
  0.166937  0.090153
  0.137521  0.082209
  0.110575  0.073612
  0.086275  0.064581
  0.064773  0.055334
  0.046193  0.046084
  0.030636  0.037028
  0.018175  0.028348
  0.008862  0.020198
  0.002726  0.012703
 -0.000224  0.005952
  0.000000  0.000000
  0.003306 -0.004952
  0.009585 -0.008732
  0.018768 -0.011374
  0.030769 -0.012928
  0.045485 -0.013466
  0.062800 -0.013074
  0.082587 -0.011853
  0.104708 -0.009921
  0.129019 -0.007404
  0.155372 -0.004444
  0.183615 -0.001185
  0.213592  0.002218
  0.245148  0.005611
  0.278124  0.008838
  0.312359  0.011748
  0.347688  0.014196
  0.383941  0.016050
  0.421408  0.017292
  0.459760  0.018310
  0.498408  0.019106
  0.537125  0.019634
  0.575681  0.019861
  0.613846  0.019768
  0.651388  0.019350
  0.688074  0.018616
  0.723676  0.017587
  0.757970  0.016297
  0.790735  0.014789
  0.821761  0.013112
  0.850845  0.011322
  0.877795  0.009477
  0.902430  0.007636
  0.924585  0.005856
  0.944109  0.004193
  0.960866  0.002695
  0.974741  0.001406
  0.985636  0.000365
  0.993474 -0.000401
  0.998199 -0.000869
  0.999778 -0.001026
