0.239 0.19804 0.14485 -0.23259 23.325 82.325
0.250 0.16342 0.14521 -0.18897 22.585 81.585
0.275 0.12503 0.14557 -0.10860 20.851 79.851
0.300 0.10005 0.14629 -0.03922 18.979 77.979
0.325 0.08589 0.14702 0.00820 17.219 76.219
0.350 0.07471 0.14774 0.04465 15.465 74.465
0.367 0.06898 0.14810 0.06392 14.355 73.355
0.449 0.05097 0.14990 0.12993 10.098 69.098
0.5 0.04377 0.15061 0.15401 8.185 67.185
0.55 0.03762 0.15058 0.16679 6.394 65.394
0.6 0.03279 0.14981 0.16665 4.726 63.726
0.65 0.02907 0.14831 0.16096 3.058 62.058
0.7 0.02625 0.14680 0.14789 1.483 60.483
0.75 0.02364 0.14529 0.12190 0.000 59.000
0.8 0.02234 0.14268 0.10144 -1.405 57.595
0.85 0.02083 0.13764 0.07729 -3.243 55.757
0.9 0.02080 0.12896 0.05195 -5.188 53.812
0.95 0.02040 0.11304 0.02530 -6.394 52.606
0.96 0.02003 0.10789 0.01973 -6.600 52.400
0.97 0.02002 0.10051 0.01417 -6.765 52.235
0.98 0.02002 0.09201 0.00860 -6.935 52.065
0.99 0.02001 0.07792 0.00303 -7.044 51.956
1 0.02000 0.05824 -0.00582 -7.083 51.917